1
10
4
3
2
5
1
42
16
2
11
7
17
7
3
3
17
8
1
16
30
12
6
15
57
4
6
24
11
10
0
2
2
15
1
1
29
26
7
1
22
8
13
2
9
0
1
17
1
2
19
22
2
0
2
25
2
12
22
22
4
3
9
18
1
0
0
6
1
15
17
3
31
19
14
2
2
27
20
57
10
0
0
5
20
3
13
1
25
1
13
1
0
2
1
2
30
0
3
27
3
36
1
32
3
28
0
4
15
2
16
0
7
1
5
2
18
5
5
7
0
3
6
31
5
1
29
6
5
9
21
9
7
29
30
2
1
2
0
1
5
7
5
1
2
12
0
1
17
15
2
4
0
10
49
2
1
2
48
7
18
22
8
0
58
5
2
18
4
6
30
2
1
4
31
9
38
1
18
25
14
9
0
5
5
0
13
0
8
4
1
6
26
7
11
0
17
1
0
23
20
1
0
2
0
4
13
1
11
2
31
2
0
1
5
7
26
1
0
26
14
0
18
46
17
0
27
1
16
18
47
12
3
1
0
3
3
5
15
12
7
2
5
26
4
10
1
7
5
17
27
27
15
0
2
15
17
14
0
4
8
1
26
21
22
8
0
0
33
3
4
0
15
28
6
11
12
9
19
46
13
5
0
11
25
2
15
5
10
5
0
25
2
1
2
6
0
4
17
0
6
0
19
6
7
4
14
5
2
1
1
21
6
5
3
16
4
12
2
1
26
34
18
5
23
7
4
2
23
2
0
33
23
0
0
5
17
13
27
41
17
45
27
45
1
24
3
16
21
20
5
0
46
1
3
15
8
1
10
1
2
12
11
7
7
4
19
0
9
0
24
2
2
2
1
29
2
18
14
2
5
13
0
0
12
0
35
0
4
13
2
1
8
25
15
19
0
22
7
1
1
5
0
28
0
35
26
26
10
0
1
2
46
32
30
1
8
37
14
11
0
4
13
36
23
0
10
7
28
21
2
12
18
5
3
17
5
0
6
4
1
39
4
0
39
4
14
1
0
3
4
9
0
26
17
29
25
8
2
11
13
33
0
2
4
2
10
19
1
1
10
1
8
7
2
7
0
35
30
7
1
3
0
2
8
3
15
11
12
11
16
8
6
4
0
0
0
0
0
2
0
10
22
0
24
10
0
2
26
42
3
11
0
10
4
0
17
3
6
9
23
1
9
6
4
2
4
0
0
21
2
19
8
24
33
4
7
7
19
3
2
1
1
4
17
15
5
3
23
5
3
33
29
23
3
1
21
20
7
1
21
24
14
2
2
0
0
19
22
12
1
38
3
6
13
48
22
6
33
0
3
10
0
17
31
2
4
19
1
1
0
39
5
1
0
12
20
2
1
5
6
2
25
7
7
0
53
26
1
4
3
5
2
13
13
0
2
12
1
2
3
1
1
3
7
20
1
4
0
20
9
33
50
24
6
29
0
2
13
27
0
27
23
37
29
6
21
3
2
6
14
3
17
26
9
23
43
14
10
40
2
50
14
20
9
1
7
1
15
36
11
4
24
11
27
0
21
23
2
4
27
14
0
0
1
0
1
2
0
0
7
3
1
32
0
1
5
12
36
8
2
10
5
2
1
2
49
19
16
27
1
13
32
5
8
0
34
4
10
2
17
0
17
14
1
2
1
39
39
3
37
1
1
2
3
5
0
8
7
27
1
2
2
17
0
21
37
6
0
0
2
5
1
6
2
45
16
0
1
3
6
5
0
23
4
9
31
2
9
5
0
4
9
21
58
2
9
0
0
20
11
2
28
0
9
6
4
10
1
1
0
2
12
0
1
16
12
2
33
3
4
10
38
12
39
3
16
3
3
9
11
1
2
19
0
0
4
20
4
2
0
0
5
1
11
0
2
10
7
2
1
2
19
24
4
27
24
23
0
2
23
17
2
2
21
15
24
19
49
0
4
11
4
5
5
4
9
6
17
1
6
39
1
4
0
35
66
2
7
0
12
0
25
7
4
33
33
5
5
4
5
2
10
4
11
1
4
5
12
1
4
3
2
17
5
8
0
51
12
19
9
29
16
8
2
16
9
1
20
15
19
4
16
6
4
32
10
17
14
3
20
2
17
16
10
22
17
18
2
19
3
12
1
6
2
6
5
23
9
2
31
6
32
27
8
7
1
1
16
2
7
33
0
3
1
4
5
21
9
9
1
3
2
8
2
1
27
14
28
9
19
1
10
14
12
15
18
5
1
0
13
11
5
18
0
2
3
22
5
34
0
15
15
20
22
2
2
0
4
12
18
16
3
4
1
1
2
0
7
5
1
19
50
1
1
1
16
0
5
29
3
1
3
31
0
31
0
26
1
31
28
28
0
6
9
9
17
6
12
14
2
6
5
5
1
13
21
4
0
15
3
5
5
1
25
12
7
4
7
5
3
8
13
1
2
6
5
19
14
6
11
15
6
2
36
14
22
8
4
7
3
2
25
5
15
7
5
31
0
17
6
1
17
35
1
18
48
13
20
3
3
10
3
28
5
2
1
0
18
7
8
25
2
0
1
40
9
4
0
18
30
15
15
4
1
1
12
10
21
12
19
22
15
2
27
15
24
2
4
10
54
7
20
12
9
2
1
12
19
11
15
23
15
5
0
36
4
15
17
16
1
20
17
24
8
0
34
11
8
19
5
16
4
2
15
0
2
0
9
28
1
8
3
6
22
12
22
27
13
1
0
19
5
45
18
47
15
1
0
9
1
19
21
20
3
11
3
16
1
20
2
61
2
31
7
15
21
5
34
14
0
31
26
18
0
14
0
2
14
31
1
10
26
21
9
0
11
0
2
21
4
10
0
0
0
0
24
20
3
2
8
15
29
11
4
22
3
2
3
9
1
16
39
26
2
5
19
18
1
1
19
3
15
2
3
11
1
13
4
23
0
0
5
3
3
3
8
11
26
1
10
1
4
11
1
10
6
21
1
10
0
1
13
11
0
5
1
5
23
1
3
18
6
39
12
2
44
1
11
7
21
38
4
1
0
1
16
57
1
22
2
54
9
3
2
11
17
8
16
25
5
0
1
9
8
17
10
2
5
21
23
6
0
18
3
0
9
19
9
1
12
0
9
1
13
1
1
4
51
1
5
49
23
3
5
7
25
32
3
1
10
3
0
6
6
4
53
23
0
4
1
17
17
30
0
0
20
1
53
6
16
0
1
0
0
0
10
78
0
2
25
0
0
15
6
9
19
32
0
22
0
20
51
0
0
56
32
13
5
8
14
17
40
16
16
0
0
0
